# Native contacts generated from PDB
# Total contacts: 152
# Format: bead_i  bead_j  native_distance
152
1	4	5.63
1	5	6.2
1	59	7.64
1	60	6.92
1	61	7.28
1	62	7.25
2	5	4.92
2	6	5.81
2	34	7.5
2	35	7.62
2	37	7.69
2	40	6.91
2	59	5.38
2	60	5.61
2	61	7.79
2	62	8.0
3	6	5.21
3	7	6.19
3	34	5.52
3	35	4.11
3	36	6.32
3	37	5.61
3	40	7.98
4	7	5.21
4	8	6.0
4	35	6.69
5	8	5.08
5	9	6.2
5	59	6.34
5	62	7.86
6	9	5.35
6	10	6.14
6	35	6.87
6	52	7.72
6	59	7.21
7	10	5.36
7	11	6.21
7	35	6.48
8	11	5.4
8	12	6.4
9	12	5.03
9	13	6.26
9	52	6.2
10	13	5.08
10	14	6.11
10	15	5.0
10	16	6.92
10	20	7.26
10	52	6.45
11	14	4.88
11	15	5.71
11	16	7.21
12	15	7.75
13	52	7.59
15	18	7.95
15	19	5.74
15	20	6.13
16	19	5.43
16	20	6.39
17	20	5.12
17	21	6.09
17	28	6.49
17	31	6.35
17	32	7.24
18	21	5.09
18	22	6.38
18	28	5.59
19	22	5.29
19	23	6.25
20	23	5.05
20	24	6.11
20	31	7.64
20	51	7.43
21	24	5.19
21	25	5.73
21	26	5.07
21	27	5.71
21	28	5.51
21	30	7.81
21	31	6.27
22	25	4.78
22	26	6.32
22	27	7.58
23	51	6.38
24	44	7.31
24	47	5.63
24	48	5.88
24	51	6.56
26	30	6.69
26	31	7.71
27	30	5.3
27	31	6.82
28	31	5.36
28	32	6.42
29	32	4.94
29	33	6.14
30	33	5.18
30	34	6.35
31	34	5.23
31	35	6.26
32	35	5.13
32	36	6.1
33	36	5.07
33	37	6.15
33	38	4.89
33	39	5.85
34	37	5.13
34	38	5.67
34	39	4.93
34	40	6.45
34	42	7.97
35	38	7.6
37	40	6.58
39	42	6.38
41	45	7.14
42	45	5.89
44	47	5.4
44	48	6.09
45	48	4.95
45	49	6.16
45	56	6.7
46	49	5.23
46	50	6.36
46	56	6.4
47	50	5.13
47	51	6.18
48	51	5.27
48	52	6.22
49	52	5.24
49	53	5.98
49	54	4.94
49	55	5.41
49	56	5.47
49	59	7.16
50	53	4.96
50	54	6.15
50	55	7.36
51	54	7.86
54	58	6.85
54	59	7.35
55	58	5.38
55	59	6.64
56	59	5.21
56	60	6.35
57	60	5.39
57	61	5.76
57	62	7.05
57	63	6.71
58	61	5.42
58	62	4.45
58	63	5.05
59	62	5.85
